8192
8186
8181
8176
8171
8166
8161
8155
8150
8145
8140
8135
8130
8125
8119
8114
8109
8104
8099
8094
8089
8083
8078
8073
8068
8063
8058
8053
8047
8042
8037
8032
8027
8022
8017
8011
8006
8001
7996
7991
7986
7980
7975
7970
7965
7960
7955
7950
7944
7939
7934
7929
7924
7919
7914
7908
7903
7898
7893
7888
7883
7878
7872
7867
7862
7857
7852
7847
7842
7836
7831
7826
7821
7816
7811
7806
7800
7795
7790
7785
7780
7775
7770
7764
7759
7754
7749
7744
7739
7734
7729
7723
7718
7713
7708
7703
7698
7693
7687
7682
7677
7672
7667
7662
7657
7651
7646
7641
7636
7631
7626
7621
7615
7610
7605
7600
7595
7590
7585
7580
7574
7569
7564
7559
7554
7549
7544
7539
7533
7528
7523
7518
7513
7508
7503
7497
7492
7487
7482
7477
7472
7467
7462
7456
7451
7446
7441
7436
7431
7426
7421
7415
7410
7405
7400
7395
7390
7385
7380
7374
7369
7364
7359
7354
7349
7344
7339
7333
7328
7323
7318
7313
7308
7303
7298
7293
7287
7282
7277
7272
7267
7262
7257
7252
7247
7241
7236
7231
7226
7221
7216
7211
7206
7201
7195
7190
7185
7180
7175
7170
7165
7160
7155
7149
7144
7139
7134
7129
7124
7119
7114
7109
7104
7098
7093
7088
7083
7078
7073
7068
7063
7058
7053
7047
7042
7037
7032
7027
7022
7017
7012
7007
7002
6996
6991
6986
6981
6976
6971
6966
6961
6956
6951
6946
6941
6935
6930
6925
6920
6915
6910
6905
6900
6895
6890
6885
6879
6874
6869
6864
6859
6854
6849
6844
6839
6834
6829
6824
6819
6813
6808
6803
6798
6793
6788
6783
6778
6773
6768
6763
6758
6753
6748
6743
6737
6732
6727
6722
6717
6712
6707
6702
6697
6692
6687
6682
6677
6672
6667
6662
6656
6651
6646
6641
6636
6631
6626
6621
6616
6611
6606
6601
6596
6591
6586
6581
6576
6571
6566
6561
6555
6550
6545
6540
6535
6530
6525
6520
6515
6510
6505
6500
6495
6490
6485
6480
6475
6470
6465
6460
6455
6450
6445
6440
6435
6430
6425
6420
6415
6409
6404
6399
6394
6389
6384
6379
6374
6369
6364
6359
6354
6349
6344
6339
6334
6329
6324
6319
6314
6309
6304
6299
6294
6289
6284
6279
6274
6269
6264
6259
6254
6249
6244
6239
6234
6229
6224
6219
6214
6209
6204
6199
6194
6189
6184
6179
6174
6169
6164
6159
6154
6149
6144
6139
6134
6129
6124
6119
6114
6109
6104
6099
6094
6089
6085
6080
6075
6070
6065
6060
6055
6050
6045
6040
6035
6030
6025
6020
6015
6010
6005
6000
5995
5990
5985
5980
5975
5970
5965
5960
5955
5951
5946
5941
5936
5931
5926
5921
5916
5911
5906
5901
5896
5891
5886
5881
5876
5871
5866
5862
5857
5852
5847
5842
5837
5832
5827
5822
5817
5812
5807
5802
5797
5793
5788
5783
5778
5773
5768
5763
5758
5753
5748
5743
5738
5734
5729
5724
5719
5714
5709
5704
5699
5694
5689
5685
5680
5675
5670
5665
5660
5655
5650
5645
5640
5636
5631
5626
5621
5616
5611
5606
5601
5596
5592
5587
5582
5577
5572
5567
5562
5557
5553
5548
5543
5538
5533
5528
5523
5518
5514
5509
5504
5499
5494
5489
5484
5480
5475
5470
5465
5460
5455
5450
5446
5441
5436
5431
5426
5421
5417
5412
5407
5402
5397
5392
5388
5383
5378
5373
5368
5363
5359
5354
5349
5344
5339
5334
5330
5325
5320
5315
5310
5305
5301
5296
5291
5286
5281
5277
5272
5267
5262
5257
5253
5248
5243
5238
5233
5229
5224
5219
5214
5209
5205
5200
5195
5190
5185
5181
5176
5171
5166
5161
5157
5152
5147
5142
5138
5133
5128
5123
5118
5114
5109
5104
5099
5095
5090
5085
5080
5076
5071
5066
5061
5057
5052
5047
5042
5038
5033
5028
5023
5019
5014
5009
5004
5000
4995
4990
4985
4981
4976
4971
4966
4962
4957
4952
4948
4943
4938
4933
4929
4924
4919
4914
4910
4905
4900
4896
4891
4886
4881
4877
4872
4867
4863
4858
4853
4849
4844
4839
4834
4830
4825
4820
4816
4811
4806
4802
4797
4792
4788
4783
4778
4774
4769
4764
4760
4755
4750
4745
4741
4736
4731
4727
4722
4717
4713
4708
4704
4699
4694
4690
4685
4680
4676
4671
4666
4662
4657
4652
4648
4643
4638
4634
4629
4625
4620
4615
4611
4606
4601
4597
4592
4588
4583
4578
4574
4569
4564
4560
4555
4551
4546
4541
4537
4532
4528
4523
4518
4514
4509
4505
4500
4495
4491
4486
4482
4477
4472
4468
4463
4459
4454
4449
4445
4440
4436
4431
4427
4422
4417
4413
4408
4404
4399
4395
4390
4386
4381
4376
4372
4367
4363
4358
4354
4349
4345
4340
4335
4331
4326
4322
4317
4313
4308
4304
4299
4295
4290
4286
4281
4277
4272
4268
4263
4259
4254
4249
4245
4240
4236
4231
4227
4222
4218
4213
4209
4204
4200
4195
4191
4186
4182
4177
4173
4169
4164
4160
4155
4151
4146
4142
4137
4133
4128
4124
4119
4115
4110
4106
4101
4097
4093
4088
4084
4079
4075
4070
4066
4061
4057
4052
4048
4044
4039
4035
4030
4026
4021
4017
4013
4008
4004
3999
3995
3990
3986
3982
3977
3973
3968
3964
3960
3955
3951
3946
3942
3938
3933
3929
3924
3920
3916
3911
3907
3902
3898
3894
3889
3885
3881
3876
3872
3867
3863
3859
3854
3850
3846
3841
3837
3832
3828
3824
3819
3815
3811
3806
3802
3798
3793
3789
3785
3780
3776
3772
3767
3763
3759
3754
3750
3746
3741
3737
3733
3728
3724
3720
3715
3711
3707
3703
3698
3694
3690
3685
3681
3677
3672
3668
3664
3660
3655
3651
3647
3642
3638
3634
3630
3625
3621
3617
3612
3608
3604
3600
3595
3591
3587
3583
3578
3574
3570
3566
3561
3557
3553
3549
3544
3540
3536
3532
3527
3523
3519
3515
3511
3506
3502
3498
3494
3489
3485
3481
3477
3473
3468
3464
3460
3456
3452
3447
3443
3439
3435
3431
3426
3422
3418
3414
3410
3406
3401
3397
3393
3389
3385
3381
3376
3372
3368
3364
3360
3356
3351
3347
3343
3339
3335
3331
3327
3322
3318
3314
3310
3306
3302
3298
3293
3289
3285
3281
3277
3273
3269
3265
3261
3256
3252
3248
3244
3240
3236
3232
3228
3224
3220
3215
3211
3207
3203
3199
3195
3191
3187
3183
3179
3175
3171
3166
3162
3158
3154
3150
3146
3142
3138
3134
3130
3126
3122
3118
3114
3110
3106
3102
3098
3094
3090
3086
3082
3078
3074
3070
3065
3061
3057
3053
3049
3045
3041
3037
3033
3029
3025
3021
3017
3013
3009
3005
3002
2998
2994
2990
2986
2982
2978
2974
2970
2966
2962
2958
2954
2950
2946
2942
2938
2934
2930
2926
2922
2918
2914
2910
2907
2903
2899
2895
2891
2887
2883
2879
2875
2871
2867
2863
2859
2856
2852
2848
2844
2840
2836
2832
2828
2824
2821
2817
2813
2809
2805
2801
2797
2793
2789
2786
2782
2778
2774
2770
2766
2762
2759
2755
2751
2747
2743
2739
2736
2732
2728
2724
2720
2716
2713
2709
2705
2701
2697
2693
2690
2686
2682
2678
2674
2671
2667
2663
2659
2655
2652
2648
2644
2640
2636
2633
2629
2625
2621
2618
2614
2610
2606
2602
2599
2595
2591
2587
2584
2580
2576
2572
2569
2565
2561
2557
2554
2550
2546
2543
2539
2535
2531
2528
2524
2520
2517
2513
2509
2505
2502
2498
2494
2491
2487
2483
2480
2476
2472
2468
2465
2461
2457
2454
2450
2446
2443
2439
2435
2432
2428
2424
2421
2417
2413
2410
2406
2403
2399
2395
2392
2388
2384
2381
2377
2373
2370
2366
2363
2359
2355
2352
2348
2345
2341
2337
2334
2330
2327
2323
2319
2316
2312
2309
2305
2301
2298
2294
2291
2287
2284
2280
2276
2273
2269
2266
2262
2259
2255
2252
2248
2245
2241
2237
2234
2230
2227
2223
2220
2216
2213
2209
2206
2202
2199
2195
2192
2188
2185
2181
2178
2174
2171
2167
2164
2160
2157
2153
2150
2146
2143
2139
2136
2132
2129
2126
2122
2119
2115
2112
2108
2105
2101
2098
2094
2091
2088
2084
2081
2077
2074
2070
2067
2064
2060
2057
2053
2050
2047
2043
2040
2036
2033
2030
2026
2023
2019
2016
2013
2009
2006
2003
1999
1996
1992
1989
1986
1982
1979
1976
1972
1969
1966
1962
1959
1956
1952
1949
1946
1942
1939
1936
1932
1929
1926
1922
1919
1916
1912
1909
1906
1902
1899
1896
1893
1889
1886
1883
1879
1876
1873
1870
1866
1863
1860
1857
1853
1850
1847
1844
1840
1837
1834
1831
1827
1824
1821
1818
1814
1811
1808
1805
1801
1798
1795
1792
1789
1785
1782
1779
1776
1773
1769
1766
1763
1760
1757
1753
1750
1747
1744
1741
1738
1734
1731
1728
1725
1722
1719
1715
1712
1709
1706
1703
1700
1697
1693
1690
1687
1684
1681
1678
1675
1672
1668
1665
1662
1659
1656
1653
1650
1647
1644
1640
1637
1634
1631
1628
1625
1622
1619
1616
1613
1610
1607
1604
1601
1597
1594
1591
1588
1585
1582
1579
1576
1573
1570
1567
1564
1561
1558
1555
1552
1549
1546
1543
1540
1537
1534
1531
1528
1525
1522
1519
1516
1513
1510
1507
1504
1501
1498
1495
1492
1489
1486
1483
1480
1477
1474
1472
1469
1466
1463
1460
1457
1454
1451
1448
1445
1442
1439
1436
1433
1431
1428
1425
1422
1419
1416
1413
1410
1407
1405
1402
1399
1396
1393
1390
1387
1384
1382
1379
1376
1373
1370
1367
1364
1362
1359
1356
1353
1350
1347
1345
1342
1339
1336
1333
1330
1328
1325
1322
1319
1316
1314
1311
1308
1305
1302
1300
1297
1294
1291
1289
1286
1283
1280
1278
1275
1272
1269
1267
1264
1261
1258
1256
1253
1250
1247
1245
1242
1239
1236
1234
1231
1228
1226
1223
1220
1217
1215
1212
1209
1207
1204
1201
1199
1196
1193
1191
1188
1185
1183
1180
1177
1175
1172
1169
1167
1164
1161
1159
1156
1153
1151
1148
1146
1143
1140
1138
1135
1132
1130
1127
1125
1122
1119
1117
1114
1112
1109
1106
1104
1101
1099
1096
1094
1091
1088
1086
1083
1081
1078
1076
1073
1071
1068
1065
1063
1060
1058
1055
1053
1050
1048
1045
1043
1040
1038
1035
1033
1030
1028
1025
1023
1020
1018
1015
1013
1010
1008
1005
1003
1000
998
996
993
991
988
986
983
981
978
976
973
971
969
966
964
961
959
957
954
952
949
947
944
942
940
937
935
933
930
928
925
923
921
918
916
914
911
909
906
904
902
899
897
895
892
890
888
885
883
881
878
876
874
871
869
867
865
862
860
858
855
853
851
848
846
844
842
839
837
835
833
830
828
826
824
821
819
817
815
812
810
808
806
803
801
799
797
795
792
790
788
786
784
781
779
777
775
773
770
768
766
764
762
760
757
755
753
751
749
747
744
742
740
738
736
734
732
730
727
725
723
721
719
717
715
713
711
708
706
704
702
700
698
696
694
692
690
688
686
684
681
679
677
675
673
671
669
667
665
663
661
659
657
655
653
651
649
647
645
643
641
639
637
635
633
631
629
627
625
623
621
619
617
615
613
611
609
607
605
604
602
600
598
596
594
592
590
588
586
584
582
580
579
577
575
573
571
569
567
565
563
562
560
558
556
554
552
550
549
547
545
543
541
539
537
536
534
532
530
528
527
525
523
521
519
517
516
514
512
510
509
507
505
503
501
500
498
496
494
493
491
489
487
486
484
482
480
479
477
475
473
472
470
468
467
465
463
461
460
458
456
455
453
451
450
448
446
445
443
441
440
438
436
435
433
431
430
428
426
425
423
421
420
418
417
415
413
412
410
408
407
405
404
402
400
399
397
396
394
393
391
389
388
386
385
383
382
380
378
377
375
374
372
371
369
368
366
365
363
362
360
359
357
356
354
353
351
350
348
347
345
344
342
341
339
338
336
335
333
332
331
329
328
326
325
323
322
320
319
318
316
315
313
312
311
309
308
306
305
304
302
301
299
298
297
295
294
293
291
290
288
287
286
284
283
282
280
279
278
276
275
274
272
271
270
269
267
266
265
263
262
261
259
258
257
256
254
253
252
251
249
248
247
245
244
243
242
240
239
238
237
236
234
233
232
231
229
228
227
226
225
223
222
221
220
219
218
216
215
214
213
212
210
209
208
207
206
205
204
202
201
200
199
198
197
196
195
193
192
191
190
189
188
187
186
185
184
182
181
180
179
178
177
176
175
174
173
172
171
170
169
168
167
166
165
164
162
161
160
159
158
157
156
155
154
153
152
151
150
149
148
148
147
146
145
144
143
142
141
140
139
138
137
136
135
134
133
132
131
130
130
129
128
127
126
125
124
123
122
121
121
120
119
118
117
116
115
115
114
113
112
111
110
109
109
108
107
106
105
104
104
103
102
101
100
100
99
98
97
96
96
95
94
93
92
92
91
90
89
89
88
87
86
86
85
84
83
83
82
81
81
80
79
78
78
77
76
76
75
74
73
73
72
71
71
70
69
69
68
67
67
66
65
65
64
63
63
62
62
61
60
60
59
58
58
57
57
56
55
55
54
54
53
52
52
51
51
50
50
49
48
48
47
47
46
46
45
45
44
43
43
42
42
41
41
40
40
39
39
38
38
37
37
36
36
35
35
34
34
33
33
33
32
32
31
31
30
30
29
29
29
28
28
27
27
26
26
26
25
25
24
24
24
23
23
22
22
22
21
21
21
20
20
19
19
19
18
18
18
17
17
17
16
16
16
15
15
15
14
14
14
13
13
13
13
12
12
12
11
11
11
11
10
10
10
10
9
9
9
9
8
8
8
8
7
7
7
7
7
6
6
6
6
6
5
5
5
5
5
4
4
4
4
4
4
3
3
3
3
3
3
2
2
2
2
2
2
2
2
1
1
1
1
1
1
1
1
1
1
1
0
0
0
0
0
0
0
0
0
0
0
0
0
0
0
0
0
0
0
0
0
0
0
0
0
0
0
0
0
0
0
0
0
0
0
0
0
0
0
0
0
0
0
0
0
0
0
0
0
1
1
1
1
1
1
1
1
1
1
1
2
2
2
2
2
2
2
2
3
3
3
3
3
3
4
4
4
4
4
4
5
5
5
5
5
6
6
6
6
6
7
7
7
7
7
8
8
8
8
9
9
9
9
10
10
10
10
11
11
11
11
12
12
12
13
13
13
13
14
14
14
15
15
15
16
16
16
17
17
17
18
18
18
19
19
19
20
20
21
21
21
22
22
22
23
23
24
24
24
25
25
26
26
26
27
27
28
28
29
29
29
30
30
31
31
32
32
33
33
33
34
34
35
35
36
36
37
37
38
38
39
39
40
40
41
41
42
42
43
43
44
45
45
46
46
47
47
48
48
49
50
50
51
51
52
52
53
54
54
55
55
56
57
57
58
58
59
60
60
61
62
62
63
63
64
65
65
66
67
67
68
69
69
70
71
71
72
73
73
74
75
76
76
77
78
78
79
80
81
81
82
83
83
84
85
86
86
87
88
89
89
90
91
92
92
93
94
95
96
96
97
98
99
100
100
101
102
103
104
104
105
106
107
108
109
109
110
111
112
113
114
115
115
116
117
118
119
120
121
121
122
123
124
125
126
127
128
129
130
130
131
132
133
134
135
136
137
138
139
140
141
142
143
144
145
146
147
148
148
149
150
151
152
153
154
155
156
157
158
159
160
161
162
164
165
166
167
168
169
170
171
172
173
174
175
176
177
178
179
180
181
182
184
185
186
187
188
189
190
191
192
193
195
196
197
198
199
200
201
202
204
205
206
207
208
209
210
212
213
214
215
216
218
219
220
221
222
223
225
226
227
228
229
231
232
233
234
236
237
238
239
240
242
243
244
245
247
248
249
251
252
253
254
256
257
258
259
261
262
263
265
266
267
269
270
271
272
274
275
276
278
279
280
282
283
284
286
287
288
290
291
293
294
295
297
298
299
301
302
304
305
306
308
309
311
312
313
315
316
318
319
320
322
323
325
326
328
329
331
332
333
335
336
338
339
341
342
344
345
347
348
350
351
353
354
356
357
359
360
362
363
365
366
368
369
371
372
374
375
377
378
380
382
383
385
386
388
389
391
393
394
396
397
399
400
402
404
405
407
408
410
412
413
415
417
418
420
421
423
425
426
428
430
431
433
435
436
438
440
441
443
445
446
448
450
451
453
455
456
458
460
461
463
465
467
468
470
472
473
475
477
479
480
482
484
486
487
489
491
493
494
496
498
500
501
503
505
507
509
510
512
514
516
517
519
521
523
525
527
528
530
532
534
536
537
539
541
543
545
547
549
550
552
554
556
558
560
562
563
565
567
569
571
573
575
577
579
580
582
584
586
588
590
592
594
596
598
600
602
604
605
607
609
611
613
615
617
619
621
623
625
627
629
631
633
635
637
639
641
643
645
647
649
651
653
655
657
659
661
663
665
667
669
671
673
675
677
679
681
684
686
688
690
692
694
696
698
700
702
704
706
708
711
713
715
717
719
721
723
725
727
730
732
734
736
738
740
742
744
747
749
751
753
755
757
760
762
764
766
768
770
773
775
777
779
781
784
786
788
790
792
795
797
799
801
803
806
808
810
812
815
817
819
821
824
826
828
830
833
835
837
839
842
844
846
848
851
853
855
858
860
862
865
867
869
871
874
876
878
881
883
885
888
890
892
895
897
899
902
904
906
909
911
914
916
918
921
923
925
928
930
933
935
937
940
942
944
947
949
952
954
957
959
961
964
966
969
971
973
976
978
981
983
986
988
991
993
996
998
1000
1003
1005
1008
1010
1013
1015
1018
1020
1023
1025
1028
1030
1033
1035
1038
1040
1043
1045
1048
1050
1053
1055
1058
1060
1063
1065
1068
1071
1073
1076
1078
1081
1083
1086
1088
1091
1094
1096
1099
1101
1104
1106
1109
1112
1114
1117
1119
1122
1125
1127
1130
1132
1135
1138
1140
1143
1146
1148
1151
1153
1156
1159
1161
1164
1167
1169
1172
1175
1177
1180
1183
1185
1188
1191
1193
1196
1199
1201
1204
1207
1209
1212
1215
1217
1220
1223
1226
1228
1231
1234
1236
1239
1242
1245
1247
1250
1253
1256
1258
1261
1264
1267
1269
1272
1275
1278
1280
1283
1286
1289
1291
1294
1297
1300
1302
1305
1308
1311
1314
1316
1319
1322
1325
1328
1330
1333
1336
1339
1342
1345
1347
1350
1353
1356
1359
1362
1364
1367
1370
1373
1376
1379
1382
1384
1387
1390
1393
1396
1399
1402
1405
1407
1410
1413
1416
1419
1422
1425
1428
1431
1433
1436
1439
1442
1445
1448
1451
1454
1457
1460
1463
1466
1469
1472
1474
1477
1480
1483
1486
1489
1492
1495
1498
1501
1504
1507
1510
1513
1516
1519
1522
1525
1528
1531
1534
1537
1540
1543
1546
1549
1552
1555
1558
1561
1564
1567
1570
1573
1576
1579
1582
1585
1588
1591
1594
1597
1601
1604
1607
1610
1613
1616
1619
1622
1625
1628
1631
1634
1637
1640
1644
1647
1650
1653
1656
1659
1662
1665
1668
1672
1675
1678
1681
1684
1687
1690
1693
1697
1700
1703
1706
1709
1712
1715
1719
1722
1725
1728
1731
1734
1738
1741
1744
1747
1750
1753
1757
1760
1763
1766
1769
1773
1776
1779
1782
1785
1789
1792
1795
1798
1801
1805
1808
1811
1814
1818
1821
1824
1827
1831
1834
1837
1840
1844
1847
1850
1853
1857
1860
1863
1866
1870
1873
1876
1879
1883
1886
1889
1893
1896
1899
1902
1906
1909
1912
1916
1919
1922
1926
1929
1932
1936
1939
1942
1946
1949
1952
1956
1959
1962
1966
1969
1972
1976
1979
1982
1986
1989
1992
1996
1999
2003
2006
2009
2013
2016
2019
2023
2026
2030
2033
2036
2040
2043
2047
2050
2053
2057
2060
2064
2067
2070
2074
2077
2081
2084
2088
2091
2094
2098
2101
2105
2108
2112
2115
2119
2122
2126
2129
2132
2136
2139
2143
2146
2150
2153
2157
2160
2164
2167
2171
2174
2178
2181
2185
2188
2192
2195
2199
2202
2206
2209
2213
2216
2220
2223
2227
2230
2234
2237
2241
2245
2248
2252
2255
2259
2262
2266
2269
2273
2276
2280
2284
2287
2291
2294
2298
2301
2305
2309
2312
2316
2319
2323
2327
2330
2334
2337
2341
2345
2348
2352
2355
2359
2363
2366
2370
2373
2377
2381
2384
2388
2392
2395
2399
2403
2406
2410
2413
2417
2421
2424
2428
2432
2435
2439
2443
2446
2450
2454
2457
2461
2465
2468
2472
2476
2480
2483
2487
2491
2494
2498
2502
2505
2509
2513
2517
2520
2524
2528
2531
2535
2539
2543
2546
2550
2554
2557
2561
2565
2569
2572
2576
2580
2584
2587
2591
2595
2599
2602
2606
2610
2614
2618
2621
2625
2629
2633
2636
2640
2644
2648
2652
2655
2659
2663
2667
2671
2674
2678
2682
2686
2690
2693
2697
2701
2705
2709
2713
2716
2720
2724
2728
2732
2736
2739
2743
2747
2751
2755
2759
2762
2766
2770
2774
2778
2782
2786
2789
2793
2797
2801
2805
2809
2813
2817
2821
2824
2828
2832
2836
2840
2844
2848
2852
2856
2859
2863
2867
2871
2875
2879
2883
2887
2891
2895
2899
2903
2907
2910
2914
2918
2922
2926
2930
2934
2938
2942
2946
2950
2954
2958
2962
2966
2970
2974
2978
2982
2986
2990
2994
2998
3002
3005
3009
3013
3017
3021
3025
3029
3033
3037
3041
3045
3049
3053
3057
3061
3065
3070
3074
3078
3082
3086
3090
3094
3098
3102
3106
3110
3114
3118
3122
3126
3130
3134
3138
3142
3146
3150
3154
3158
3162
3167
3171
3175
3179
3183
3187
3191
3195
3199
3203
3207
3211
3215
3220
3224
3228
3232
3236
3240
3244
3248
3252
3256
3261
3265
3269
3273
3277
3281
3285
3289
3293
3298
3302
3306
3310
3314
3318
3322
3327
3331
3335
3339
3343
3347
3351
3356
3360
3364
3368
3372
3376
3381
3385
3389
3393
3397
3401
3406
3410
3414
3418
3422
3426
3431
3435
3439
3443
3447
3452
3456
3460
3464
3468
3473
3477
3481
3485
3489
3494
3498
3502
3506
3511
3515
3519
3523
3527
3532
3536
3540
3544
3549
3553
3557
3561
3566
3570
3574
3578
3583
3587
3591
3595
3600
3604
3608
3612
3617
3621
3625
3630
3634
3638
3642
3647
3651
3655
3660
3664
3668
3672
3677
3681
3685
3690
3694
3698
3703
3707
3711
3715
3720
3724
3728
3733
3737
3741
3746
3750
3754
3759
3763
3767
3772
3776
3780
3785
3789
3793
3798
3802
3806
3811
3815
3819
3824
3828
3832
3837
3841
3846
3850
3854
3859
3863
3867
3872
3876
3881
3885
3889
3894
3898
3902
3907
3911
3916
3920
3924
3929
3933
3938
3942
3946
3951
3955
3960
3964
3968
3973
3977
3982
3986
3990
3995
3999
4004
4008
4013
4017
4021
4026
4030
4035
4039
4044
4048
4052
4057
4061
4066
4070
4075
4079
4084
4088
4093
4097
4101
4106
4110
4115
4119
4124
4128
4133
4137
4142
4146
4151
4155
4160
4164
4169
4173
4177
4182
4186
4191
4195
4200
4204
4209
4213
4218
4222
4227
4231
4236
4240
4245
4249
4254
4259
4263
4268
4272
4277
4281
4286
4290
4295
4299
4304
4308
4313
4317
4322
4326
4331
4335
4340
4345
4349
4354
4358
4363
4367
4372
4376
4381
4386
4390
4395
4399
4404
4408
4413
4417
4422
4427
4431
4436
4440
4445
4449
4454
4459
4463
4468
4472
4477
4482
4486
4491
4495
4500
4505
4509
4514
4518
4523
4528
4532
4537
4541
4546
4551
4555
4560
4564
4569
4574
4578
4583
4588
4592
4597
4601
4606
4611
4615
4620
4625
4629
4634
4638
4643
4648
4652
4657
4662
4666
4671
4676
4680
4685
4690
4694
4699
4704
4708
4713
4717
4722
4727
4731
4736
4741
4745
4750
4755
4760
4764
4769
4774
4778
4783
4788
4792
4797
4802
4806
4811
4816
4820
4825
4830
4834
4839
4844
4849
4853
4858
4863
4867
4872
4877
4881
4886
4891
4896
4900
4905
4910
4914
4919
4924
4929
4933
4938
4943
4948
4952
4957
4962
4966
4971
4976
4981
4985
4990
4995
5000
5004
5009
5014
5019
5023
5028
5033
5038
5042
5047
5052
5057
5061
5066
5071
5076
5080
5085
5090
5095
5099
5104
5109
5114
5118
5123
5128
5133
5138
5142
5147
5152
5157
5161
5166
5171
5176
5181
5185
5190
5195
5200
5205
5209
5214
5219
5224
5229
5233
5238
5243
5248
5253
5257
5262
5267
5272
5277
5281
5286
5291
5296
5301
5305
5310
5315
5320
5325
5330
5334
5339
5344
5349
5354
5359
5363
5368
5373
5378
5383
5388
5392
5397
5402
5407
5412
5417
5421
5426
5431
5436
5441
5446
5450
5455
5460
5465
5470
5475
5480
5484
5489
5494
5499
5504
5509
5514
5518
5523
5528
5533
5538
5543
5548
5553
5557
5562
5567
5572
5577
5582
5587
5592
5596
5601
5606
5611
5616
5621
5626
5631
5636
5640
5645
5650
5655
5660
5665
5670
5675
5680
5685
5689
5694
5699
5704
5709
5714
5719
5724
5729
5734
5738
5743
5748
5753
5758
5763
5768
5773
5778
5783
5788
5793
5797
5802
5807
5812
5817
5822
5827
5832
5837
5842
5847
5852
5857
5862
5866
5871
5876
5881
5886
5891
5896
5901
5906
5911
5916
5921
5926
5931
5936
5941
5946
5951
5955
5960
5965
5970
5975
5980
5985
5990
5995
6000
6005
6010
6015
6020
6025
6030
6035
6040
6045
6050
6055
6060
6065
6070
6075
6080
6085
6089
6094
6099
6104
6109
6114
6119
6124
6129
6134
6139
6144
6149
6154
6159
6164
6169
6174
6179
6184
6189
6194
6199
6204
6209
6214
6219
6224
6229
6234
6239
6244
6249
6254
6259
6264
6269
6274
6279
6284
6289
6294
6299
6304
6309
6314
6319
6324
6329
6334
6339
6344
6349
6354
6359
6364
6369
6374
6379
6384
6389
6394
6399
6404
6409
6415
6420
6425
6430
6435
6440
6445
6450
6455
6460
6465
6470
6475
6480
6485
6490
6495
6500
6505
6510
6515
6520
6525
6530
6535
6540
6545
6550
6555
6561
6566
6571
6576
6581
6586
6591
6596
6601
6606
6611
6616
6621
6626
6631
6636
6641
6646
6651
6656
6662
6667
6672
6677
6682
6687
6692
6697
6702
6707
6712
6717
6722
6727
6732
6737
6743
6748
6753
6758
6763
6768
6773
6778
6783
6788
6793
6798
6803
6808
6813
6819
6824
6829
6834
6839
6844
6849
6854
6859
6864
6869
6874
6879
6885
6890
6895
6900
6905
6910
6915
6920
6925
6930
6935
6941
6946
6951
6956
6961
6966
6971
6976
6981
6986
6991
6996
7002
7007
7012
7017
7022
7027
7032
7037
7042
7047
7053
7058
7063
7068
7073
7078
7083
7088
7093
7098
7104
7109
7114
7119
7124
7129
7134
7139
7144
7149
7155
7160
7165
7170
7175
7180
7185
7190
7195
7201
7206
7211
7216
7221
7226
7231
7236
7241
7247
7252
7257
7262
7267
7272
7277
7282
7287
7293
7298
7303
7308
7313
7318
7323
7328
7333
7339
7344
7349
7354
7359
7364
7369
7374
7380
7385
7390
7395
7400
7405
7410
7415
7421
7426
7431
7436
7441
7446
7451
7456
7462
7467
7472
7477
7482
7487
7492
7497
7503
7508
7513
7518
7523
7528
7533
7539
7544
7549
7554
7559
7564
7569
7574
7580
7585
7590
7595
7600
7605
7610
7615
7621
7626
7631
7636
7641
7646
7651
7657
7662
7667
7672
7677
7682
7687
7693
7698
7703
7708
7713
7718
7723
7729
7734
7739
7744
7749
7754
7759
7764
7770
7775
7780
7785
7790
7795
7800
7806
7811
7816
7821
7826
7831
7836
7842
7847
7852
7857
7862
7867
7872
7878
7883
7888
7893
7898
7903
7908
7914
7919
7924
7929
7934
7939
7944
7950
7955
7960
7965
7970
7975
7980
7986
7991
7996
8001
8006
8011
8017
8022
8027
8032
8037
8042
8047
8053
8058
8063
8068
8073
8078
8083
8089
8094
8099
8104
8109
8114
8119
8125
8130
8135
8140
8145
8150
8155
8161
8166
8171
8176
8181
8186
8192
8197
8202
8207
8212
8217
8222
8228
8233
8238
8243
8248
8253
8258
8264
8269
8274
8279
8284
8289
8294
8300
8305
8310
8315
8320
8325
8330
8336
8341
8346
8351
8356
8361
8366
8372
8377
8382
8387
8392
8397
8403
8408
8413
8418
8423
8428
8433
8439
8444
8449
8454
8459
8464
8469
8475
8480
8485
8490
8495
8500
8505
8511
8516
8521
8526
8531
8536
8541
8547
8552
8557
8562
8567
8572
8577
8583
8588
8593
8598
8603
8608
8613
8619
8624
8629
8634
8639
8644
8649
8654
8660
8665
8670
8675
8680
8685
8690
8696
8701
8706
8711
8716
8721
8726
8732
8737
8742
8747
8752
8757
8762
8768
8773
8778
8783
8788
8793
8798
8803
8809
8814
8819
8824
8829
8834
8839
8845
8850
8855
8860
8865
8870
8875
8880
8886
8891
8896
8901
8906
8911
8916
8921
8927
8932
8937
8942
8947
8952
8957
8962
8968
8973
8978
8983
8988
8993
8998
9003
9009
9014
9019
9024
9029
9034
9039
9044
9050
9055
9060
9065
9070
9075
9080
9085
9090
9096
9101
9106
9111
9116
9121
9126
9131
9136
9142
9147
9152
9157
9162
9167
9172
9177
9182
9188
9193
9198
9203
9208
9213
9218
9223
9228
9234
9239
9244
9249
9254
9259
9264
9269
9274
9279
9285
9290
9295
9300
9305
9310
9315
9320
9325
9330
9336
9341
9346
9351
9356
9361
9366
9371
9376
9381
9387
9392
9397
9402
9407
9412
9417
9422
9427
9432
9437
9443
9448
9453
9458
9463
9468
9473
9478
9483
9488
9493
9498
9504
9509
9514
9519
9524
9529
9534
9539
9544
9549
9554
9559
9564
9570
9575
9580
9585
9590
9595
9600
9605
9610
9615
9620
9625
9630
9635
9640
9646
9651
9656
9661
9666
9671
9676
9681
9686
9691
9696
9701
9706
9711
9716
9721
9727
9732
9737
9742
9747
9752
9757
9762
9767
9772
9777
9782
9787
9792
9797
9802
9807
9812
9817
9822
9828
9833
9838
9843
9848
9853
9858
9863
9868
9873
9878
9883
9888
9893
9898
9903
9908
9913
9918
9923
9928
9933
9938
9943
9948
9953
9958
9963
9968
9974
9979
9984
9989
9994
9999
10004
10009
10014
10019
10024
10029
10034
10039
10044
10049
10054
10059
10064
10069
10074
10079
10084
10089
10094
10099
10104
10109
10114
10119
10124
10129
10134
10139
10144
10149
10154
10159
10164
10169
10174
10179
10184
10189
10194
10199
10204
10209
10214
10219
10224
10229
10234
10239
10244
10249
10254
10259
10264
10269
10274
10279
10284
10289
10294
10298
10303
10308
10313
10318
10323
10328
10333
10338
10343
10348
10353
10358
10363
10368
10373
10378
10383
10388
10393
10398
10403
10408
10413
10418
10423
10428
10432
10437
10442
10447
10452
10457
10462
10467
10472
10477
10482
10487
10492
10497
10502
10507
10512
10517
10521
10526
10531
10536
10541
10546
10551
10556
10561
10566
10571
10576
10581
10586
10590
10595
10600
10605
10610
10615
10620
10625
10630
10635
10640
10645
10649
10654
10659
10664
10669
10674
10679
10684
10689
10694
10698
10703
10708
10713
10718
10723
10728
10733
10738
10743
10747
10752
10757
10762
10767
10772
10777
10782
10787
10791
10796
10801
10806
10811
10816
10821
10826
10830
10835
10840
10845
10850
10855
10860
10865
10869
10874
10879
10884
10889
10894
10899
10903
10908
10913
10918
10923
10928
10933
10937
10942
10947
10952
10957
10962
10966
10971
10976
10981
10986
10991
10995
11000
11005
11010
11015
11020
11024
11029
11034
11039
11044
11049
11053
11058
11063
11068
11073
11078
11082
11087
11092
11097
11102
11106
11111
11116
11121
11126
11130
11135
11140
11145
11150
11154
11159
11164
11169
11174
11178
11183
11188
11193
11198
11202
11207
11212
11217
11222
11226
11231
11236
11241
11245
11250
11255
11260
11265
11269
11274
11279
11284
11288
11293
11298
11303
11307
11312
11317
11322
11326
11331
11336
11341
11345
11350
11355
11360
11364
11369
11374
11379
11383
11388
11393
11398
11402
11407
11412
11417
11421
11426
11431
11435
11440
11445
11450
11454
11459
11464
11469
11473
11478
11483
11487
11492
11497
11502
11506
11511
11516
11520
11525
11530
11534
11539
11544
11549
11553
11558
11563
11567
11572
11577
11581
11586
11591
11595
11600
11605
11609
11614
11619
11623
11628
11633
11638
11642
11647
11652
11656
11661
11666
11670
11675
11679
11684
11689
11693
11698
11703
11707
11712
11717
11721
11726
11731
11735
11740
11745
11749
11754
11758
11763
11768
11772
11777
11782
11786
11791
11795
11800
11805
11809
11814
11819
11823
11828
11832
11837
11842
11846
11851
11855
11860
11865
11869
11874
11878
11883
11888
11892
11897
11901
11906
11911
11915
11920
11924
11929
11934
11938
11943
11947
11952
11956
11961
11966
11970
11975
11979
11984
11988
11993
11997
12002
12007
12011
12016
12020
12025
12029
12034
12038
12043
12048
12052
12057
12061
12066
12070
12075
12079
12084
12088
12093
12097
12102
12106
12111
12115
12120
12124
12129
12134
12138
12143
12147
12152
12156
12161
12165
12170
12174
12179
12183
12188
12192
12197
12201
12206
12210
12214
12219
12223
12228
12232
12237
12241
12246
12250
12255
12259
12264
12268
12273
12277
12282
12286
12290
12295
12299
12304
12308
12313
12317
12322
12326
12331
12335
12339
12344
12348
12353
12357
12362
12366
12370
12375
12379
12384
12388
12393
12397
12401
12406
12410
12415
12419
12423
12428
12432
12437
12441
12445
12450
12454
12459
12463
12467
12472
12476
12481
12485
12489
12494
12498
12502
12507
12511
12516
12520
12524
12529
12533
12537
12542
12546
12551
12555
12559
12564
12568
12572
12577
12581
12585
12590
12594
12598
12603
12607
12611
12616
12620
12624
12629
12633
12637
12642
12646
12650
12655
12659
12663
12668
12672
12676
12680
12685
12689
12693
12698
12702
12706
12711
12715
12719
12723
12728
12732
12736
12741
12745
12749
12753
12758
12762
12766
12771
12775
12779
12783
12788
12792
12796
12800
12805
12809
12813
12817
12822
12826
12830
12834
12839
12843
12847
12851
12856
12860
12864
12868
12872
12877
12881
12885
12889
12894
12898
12902
12906
12910
12915
12919
12923
12927
12931
12936
12940
12944
12948
12952
12957
12961
12965
12969
12973
12977
12982
12986
12990
12994
12998
13002
13007
13011
13015
13019
13023
13027
13032
13036
13040
13044
13048
13052
13056
13061
13065
13069
13073
13077
13081
13085
13090
13094
13098
13102
13106
13110
13114
13118
13122
13127
13131
13135
13139
13143
13147
13151
13155
13159
13163
13168
13172
13176
13180
13184
13188
13192
13196
13200
13204
13208
13212
13217
13221
13225
13229
13233
13237
13241
13245
13249
13253
13257
13261
13265
13269
13273
13277
13281
13285
13289
13293
13297
13301
13305
13309
13313
13318
13322
13326
13330
13334
13338
13342
13346
13350
13354
13358
13362
13366
13370
13374
13378
13381
13385
13389
13393
13397
13401
13405
13409
13413
13417
13421
13425
13429
13433
13437
13441
13445
13449
13453
13457
13461
13465
13469
13473
13476
13480
13484
13488
13492
13496
13500
13504
13508
13512
13516
13520
13524
13527
13531
13535
13539
13543
13547
13551
13555
13559
13562
13566
13570
13574
13578
13582
13586
13590
13594
13597
13601
13605
13609
13613
13617
13621
13624
13628
13632
13636
13640
13644
13647
13651
13655
13659
13663
13667
13670
13674
13678
13682
13686
13690
13693
13697
13701
13705
13709
13712
13716
13720
13724
13728
13731
13735
13739
13743
13747
13750
13754
13758
13762
13765
13769
13773
13777
13781
13784
13788
13792
13796
13799
13803
13807
13811
13814
13818
13822
13826
13829
13833
13837
13840
13844
13848
13852
13855
13859
13863
13866
13870
13874
13878
13881
13885
13889
13892
13896
13900
13903
13907
13911
13915
13918
13922
13926
13929
13933
13937
13940
13944
13948
13951
13955
13959
13962
13966
13970
13973
13977
13980
13984
13988
13991
13995
13999
14002
14006
14010
14013
14017
14020
14024
14028
14031
14035
14038
14042
14046
14049
14053
14056
14060
14064
14067
14071
14074
14078
14082
14085
14089
14092
14096
14099
14103
14107
14110
14114
14117
14121
14124
14128
14131
14135
14138
14142
14146
14149
14153
14156
14160
14163
14167
14170
14174
14177
14181
14184
14188
14191
14195
14198
14202
14205
14209
14212
14216
14219
14223
14226
14230
14233
14237
14240
14244
14247
14251
14254
14257
14261
14264
14268
14271
14275
14278
14282
14285
14289
14292
14295
14299
14302
14306
14309
14313
14316
14319
14323
14326
14330
14333
14336
14340
14343
14347
14350
14353
14357
14360
14364
14367
14370
14374
14377
14380
14384
14387
14391
14394
14397
14401
14404
14407
14411
14414
14417
14421
14424
14427
14431
14434
14437
14441
14444
14447
14451
14454
14457
14461
14464
14467
14471
14474
14477
14481
14484
14487
14490
14494
14497
14500
14504
14507
14510
14513
14517
14520
14523
14526
14530
14533
14536
14539
14543
14546
14549
14552
14556
14559
14562
14565
14569
14572
14575
14578
14582
14585
14588
14591
14594
14598
14601
14604
14607
14610
14614
14617
14620
14623
14626
14630
14633
14636
14639
14642
14645
14649
14652
14655
14658
14661
14664
14668
14671
14674
14677
14680
14683
14686
14690
14693
14696
14699
14702
14705
14708
14711
14715
14718
14721
14724
14727
14730
14733
14736
14739
14743
14746
14749
14752
14755
14758
14761
14764
14767
14770
14773
14776
14779
14782
14786
14789
14792
14795
14798
14801
14804
14807
14810
14813
14816
14819
14822
14825
14828
14831
14834
14837
14840
14843
14846
14849
14852
14855
14858
14861
14864
14867
14870
14873
14876
14879
14882
14885
14888
14891
14894
14897
14900
14903
14906
14909
14911
14914
14917
14920
14923
14926
14929
14932
14935
14938
14941
14944
14947
14950
14952
14955
14958
14961
14964
14967
14970
14973
14976
14978
14981
14984
14987
14990
14993
14996
14999
15001
15004
15007
15010
15013
15016
15019
15021
15024
15027
15030
15033
15036
15038
15041
15044
15047
15050
15053
15055
15058
15061
15064
15067
15069
15072
15075
15078
15081
15083
15086
15089
15092
15094
15097
15100
15103
15105
15108
15111
15114
15116
15119
15122
15125
15127
15130
15133
15136
15138
15141
15144
15147
15149
15152
15155
15157
15160
15163
15166
15168
15171
15174
15176
15179
15182
15184
15187
15190
15192
15195
15198
15200
15203
15206
15208
15211
15214
15216
15219
15222
15224
15227
15230
15232
15235
15237
15240
15243
15245
15248
15251
15253
15256
15258
15261
15264
15266
15269
15271
15274
15277
15279
15282
15284
15287
15289
15292
15295
15297
15300
15302
15305
15307
15310
15312
15315
15318
15320
15323
15325
15328
15330
15333
15335
15338
15340
15343
15345
15348
15350
15353
15355
15358
15360
15363
15365
15368
15370
15373
15375
15378
15380
15383
15385
15387
15390
15392
15395
15397
15400
15402
15405
15407
15410
15412
15414
15417
15419
15422
15424
15426
15429
15431
15434
15436
15439
15441
15443
15446
15448
15450
15453
15455
15458
15460
15462
15465
15467
15469
15472
15474
15477
15479
15481
15484
15486
15488
15491
15493
15495
15498
15500
15502
15505
15507
15509
15512
15514
15516
15518
15521
15523
15525
15528
15530
15532
15535
15537
15539
15541
15544
15546
15548
15550
15553
15555
15557
15559
15562
15564
15566
15568
15571
15573
15575
15577
15580
15582
15584
15586
15588
15591
15593
15595
15597
15599
15602
15604
15606
15608
15610
15613
15615
15617
15619
15621
15623
15626
15628
15630
15632
15634
15636
15639
15641
15643
15645
15647
15649
15651
15653
15656
15658
15660
15662
15664
15666
15668
15670
15672
15675
15677
15679
15681
15683
15685
15687
15689
15691
15693
15695
15697
15699
15702
15704
15706
15708
15710
15712
15714
15716
15718
15720
15722
15724
15726
15728
15730
15732
15734
15736
15738
15740
15742
15744
15746
15748
15750
15752
15754
15756
15758
15760
15762
15764
15766
15768
15770
15772
15774
15776
15778
15779
15781
15783
15785
15787
15789
15791
15793
15795
15797
15799
15801
15803
15804
15806
15808
15810
15812
15814
15816
15818
15820
15821
15823
15825
15827
15829
15831
15833
15834
15836
15838
15840
15842
15844
15846
15847
15849
15851
15853
15855
15856
15858
15860
15862
15864
15866
15867
15869
15871
15873
15874
15876
15878
15880
15882
15883
15885
15887
15889
15890
15892
15894
15896
15897
15899
15901
15903
15904
15906
15908
15910
15911
15913
15915
15916
15918
15920
15922
15923
15925
15927
15928
15930
15932
15933
15935
15937
15938
15940
15942
15943
15945
15947
15948
15950
15952
15953
15955
15957
15958
15960
15962
15963
15965
15966
15968
15970
15971
15973
15975
15976
15978
15979
15981
15983
15984
15986
15987
15989
15990
15992
15994
15995
15997
15998
16000
16001
16003
16005
16006
16008
16009
16011
16012
16014
16015
16017
16018
16020
16021
16023
16024
16026
16027
16029
16030
16032
16033
16035
16036
16038
16039
16041
16042
16044
16045
16047
16048
16050
16051
16052
16054
16055
16057
16058
16060
16061
16063
16064
16065
16067
16068
16070
16071
16072
16074
16075
16077
16078
16079
16081
16082
16084
16085
16086
16088
16089
16090
16092
16093
16095
16096
16097
16099
16100
16101
16103
16104
16105
16107
16108
16109
16111
16112
16113
16114
16116
16117
16118
16120
16121
16122
16124
16125
16126
16127
16129
16130
16131
16132
16134
16135
16136
16138
16139
16140
16141
16143
16144
16145
16146
16147
16149
16150
16151
16152
16154
16155
16156
16157
16158
16160
16161
16162
16163
16164
16165
16167
16168
16169
16170
16171
16173
16174
16175
16176
16177
16178
16179
16181
16182
16183
16184
16185
16186
16187
16188
16190
16191
16192
16193
16194
16195
16196
16197
16198
16199
16201
16202
16203
16204
16205
16206
16207
16208
16209
16210
16211
16212
16213
16214
16215
16216
16217
16218
16219
16221
16222
16223
16224
16225
16226
16227
16228
16229
16230
16231
16232
16233
16234
16235
16235
16236
16237
16238
16239
16240
16241
16242
16243
16244
16245
16246
16247
16248
16249
16250
16251
16252
16253
16253
16254
16255
16256
16257
16258
16259
16260
16261
16262
16262
16263
16264
16265
16266
16267
16268
16268
16269
16270
16271
16272
16273
16274
16274
16275
16276
16277
16278
16279
16279
16280
16281
16282
16283
16283
16284
16285
16286
16287
16287
16288
16289
16290
16291
16291
16292
16293
16294
16294
16295
16296
16297
16297
16298
16299
16300
16300
16301
16302
16302
16303
16304
16305
16305
16306
16307
16307
16308
16309
16310
16310
16311
16312
16312
16313
16314
16314
16315
16316
16316
16317
16318
16318
16319
16320
16320
16321
16321
16322
16323
16323
16324
16325
16325
16326
16326
16327
16328
16328
16329
16329
16330
16331
16331
16332
16332
16333
16333
16334
16335
16335
16336
16336
16337
16337
16338
16338
16339
16340
16340
16341
16341
16342
16342
16343
16343
16344
16344
16345
16345
16346
16346
16347
16347
16348
16348
16349
16349
16350
16350
16350
16351
16351
16352
16352
16353
16353
16354
16354
16354
16355
16355
16356
16356
16357
16357
16357
16358
16358
16359
16359
16359
16360
16360
16361
16361
16361
16362
16362
16362
16363
16363
16364
16364
16364
16365
16365
16365
16366
16366
16366
16367
16367
16367
16368
16368
16368
16369
16369
16369
16370
16370
16370
16370
16371
16371
16371
16372
16372
16372
16372
16373
16373
16373
16373
16374
16374
16374
16374
16375
16375
16375
16375
16376
16376
16376
16376
16376
16377
16377
16377
16377
16377
16378
16378
16378
16378
16378
16379
16379
16379
16379
16379
16379
16380
16380
16380
16380
16380
16380
16381
16381
16381
16381
16381
16381
16381
16381
16382
16382
16382
16382
16382
16382
16382
16382
16382
16382
16382
16383
16383
16383
16383
16383
16383
16383
16383
16383
16383
16383
16383
16383
16383
16383
16383
16383
16383
16383
16383
16383
16383
16383
16383
16383
16383
16383
16383
16383
16383
16383
16383
16383
16383
16383
16383
16383
16383
16383
16383
16383
16383
16383
16383
16383
16383
16383
16383
16383
16382
16382
16382
16382
16382
16382
16382
16382
16382
16382
16382
16381
16381
16381
16381
16381
16381
16381
16381
16380
16380
16380
16380
16380
16380
16379
16379
16379
16379
16379
16379
16378
16378
16378
16378
16378
16377
16377
16377
16377
16377
16376
16376
16376
16376
16376
16375
16375
16375
16375
16374
16374
16374
16374
16373
16373
16373
16373
16372
16372
16372
16372
16371
16371
16371
16370
16370
16370
16370
16369
16369
16369
16368
16368
16368
16367
16367
16367
16366
16366
16366
16365
16365
16365
16364
16364
16364
16363
16363
16362
16362
16362
16361
16361
16361
16360
16360
16359
16359
16359
16358
16358
16357
16357
16357
16356
16356
16355
16355
16354
16354
16354
16353
16353
16352
16352
16351
16351
16350
16350
16350
16349
16349
16348
16348
16347
16347
16346
16346
16345
16345
16344
16344
16343
16343
16342
16342
16341
16341
16340
16340
16339
16338
16338
16337
16337
16336
16336
16335
16335
16334
16333
16333
16332
16332
16331
16331
16330
16329
16329
16328
16328
16327
16326
16326
16325
16325
16324
16323
16323
16322
16321
16321
16320
16320
16319
16318
16318
16317
16316
16316
16315
16314
16314
16313
16312
16312
16311
16310
16310
16309
16308
16307
16307
16306
16305
16305
16304
16303
16302
16302
16301
16300
16300
16299
16298
16297
16297
16296
16295
16294
16294
16293
16292
16291
16291
16290
16289
16288
16287
16287
16286
16285
16284
16283
16283
16282
16281
16280
16279
16279
16278
16277
16276
16275
16274
16274
16273
16272
16271
16270
16269
16268
16268
16267
16266
16265
16264
16263
16262
16262
16261
16260
16259
16258
16257
16256
16255
16254
16253
16253
16252
16251
16250
16249
16248
16247
16246
16245
16244
16243
16242
16241
16240
16239
16238
16237
16236
16235
16235
16234
16233
16232
16231
16230
16229
16228
16227
16226
16225
16224
16223
16222
16221
16219
16218
16217
16216
16215
16214
16213
16212
16211
16210
16209
16208
16207
16206
16205
16204
16203
16202
16201
16199
16198
16197
16196
16195
16194
16193
16192
16191
16190
16188
16187
16186
16185
16184
16183
16182
16181
16179
16178
16177
16176
16175
16174
16173
16171
16170
16169
16168
16167
16165
16164
16163
16162
16161
16160
16158
16157
16156
16155
16154
16152
16151
16150
16149
16147
16146
16145
16144
16143
16141
16140
16139
16138
16136
16135
16134
16132
16131
16130
16129
16127
16126
16125
16124
16122
16121
16120
16118
16117
16116
16114
16113
16112
16111
16109
16108
16107
16105
16104
16103
16101
16100
16099
16097
16096
16095
16093
16092
16090
16089
16088
16086
16085
16084
16082
16081
16079
16078
16077
16075
16074
16072
16071
16070
16068
16067
16065
16064
16063
16061
16060
16058
16057
16055
16054
16052
16051
16050
16048
16047
16045
16044
16042
16041
16039
16038
16036
16035
16033
16032
16030
16029
16027
16026
16024
16023
16021
16020
16018
16017
16015
16014
16012
16011
16009
16008
16006
16005
16003
16001
16000
15998
15997
15995
15994
15992
15990
15989
15987
15986
15984
15983
15981
15979
15978
15976
15975
15973
15971
15970
15968
15966
15965
15963
15962
15960
15958
15957
15955
15953
15952
15950
15948
15947
15945
15943
15942
15940
15938
15937
15935
15933
15932
15930
15928
15927
15925
15923
15922
15920
15918
15916
15915
15913
15911
15910
15908
15906
15904
15903
15901
15899
15897
15896
15894
15892
15890
15889
15887
15885
15883
15882
15880
15878
15876
15874
15873
15871
15869
15867
15866
15864
15862
15860
15858
15856
15855
15853
15851
15849
15847
15846
15844
15842
15840
15838
15836
15834
15833
15831
15829
15827
15825
15823
15821
15820
15818
15816
15814
15812
15810
15808
15806
15804
15803
15801
15799
15797
15795
15793
15791
15789
15787
15785
15783
15781
15779
15778
15776
15774
15772
15770
15768
15766
15764
15762
15760
15758
15756
15754
15752
15750
15748
15746
15744
15742
15740
15738
15736
15734
15732
15730
15728
15726
15724
15722
15720
15718
15716
15714
15712
15710
15708
15706
15704
15702
15699
15697
15695
15693
15691
15689
15687
15685
15683
15681
15679
15677
15675
15672
15670
15668
15666
15664
15662
15660
15658
15656
15653
15651
15649
15647
15645
15643
15641
15639
15636
15634
15632
15630
15628
15626
15623
15621
15619
15617
15615
15613
15610
15608
15606
15604
15602
15599
15597
15595
15593
15591
15588
15586
15584
15582
15580
15577
15575
15573
15571
15568
15566
15564
15562
15559
15557
15555
15553
15550
15548
15546
15544
15541
15539
15537
15535
15532
15530
15528
15525
15523
15521
15518
15516
15514
15512
15509
15507
15505
15502
15500
15498
15495
15493
15491
15488
15486
15484
15481
15479
15477
15474
15472
15469
15467
15465
15462
15460
15458
15455
15453
15450
15448
15446
15443
15441
15439
15436
15434
15431
15429
15426
15424
15422
15419
15417
15414
15412
15410
15407
15405
15402
15400
15397
15395
15392
15390
15387
15385
15383
15380
15378
15375
15373
15370
15368
15365
15363
15360
15358
15355
15353
15350
15348
15345
15343
15340
15338
15335
15333
15330
15328
15325
15323
15320
15318
15315
15312
15310
15307
15305
15302
15300
15297
15295
15292
15289
15287
15284
15282
15279
15277
15274
15271
15269
15266
15264
15261
15258
15256
15253
15251
15248
15245
15243
15240
15237
15235
15232
15230
15227
15224
15222
15219
15216
15214
15211
15208
15206
15203
15200
15198
15195
15192
15190
15187
15184
15182
15179
15176
15174
15171
15168
15166
15163
15160
15157
15155
15152
15149
15147
15144
15141
15138
15136
15133
15130
15127
15125
15122
15119
15116
15114
15111
15108
15105
15103
15100
15097
15094
15092
15089
15086
15083
15081
15078
15075
15072
15069
15067
15064
15061
15058
15055
15053
15050
15047
15044
15041
15038
15036
15033
15030
15027
15024
15021
15019
15016
15013
15010
15007
15004
15001
14999
14996
14993
14990
14987
14984
14981
14978
14976
14973
14970
14967
14964
14961
14958
14955
14952
14950
14947
14944
14941
14938
14935
14932
14929
14926
14923
14920
14917
14914
14911
14909
14906
14903
14900
14897
14894
14891
14888
14885
14882
14879
14876
14873
14870
14867
14864
14861
14858
14855
14852
14849
14846
14843
14840
14837
14834
14831
14828
14825
14822
14819
14816
14813
14810
14807
14804
14801
14798
14795
14792
14789
14786
14782
14779
14776
14773
14770
14767
14764
14761
14758
14755
14752
14749
14746
14743
14739
14736
14733
14730
14727
14724
14721
14718
14715
14711
14708
14705
14702
14699
14696
14693
14690
14686
14683
14680
14677
14674
14671
14668
14664
14661
14658
14655
14652
14649
14645
14642
14639
14636
14633
14630
14626
14623
14620
14617
14614
14610
14607
14604
14601
14598
14594
14591
14588
14585
14582
14578
14575
14572
14569
14565
14562
14559
14556
14552
14549
14546
14543
14539
14536
14533
14530
14526
14523
14520
14517
14513
14510
14507
14504
14500
14497
14494
14490
14487
14484
14481
14477
14474
14471
14467
14464
14461
14457
14454
14451
14447
14444
14441
14437
14434
14431
14427
14424
14421
14417
14414
14411
14407
14404
14401
14397
14394
14391
14387
14384
14380
14377
14374
14370
14367
14364
14360
14357
14353
14350
14347
14343
14340
14336
14333
14330
14326
14323
14319
14316
14313
14309
14306
14302
14299
14295
14292
14289
14285
14282
14278
14275
14271
14268
14264
14261
14257
14254
14251
14247
14244
14240
14237
14233
14230
14226
14223
14219
14216
14212
14209
14205
14202
14198
14195
14191
14188
14184
14181
14177
14174
14170
14167
14163
14160
14156
14153
14149
14146
14142
14138
14135
14131
14128
14124
14121
14117
14114
14110
14107
14103
14099
14096
14092
14089
14085
14082
14078
14074
14071
14067
14064
14060
14056
14053
14049
14046
14042
14038
14035
14031
14028
14024
14020
14017
14013
14010
14006
14002
13999
13995
13991
13988
13984
13980
13977
13973
13970
13966
13962
13959
13955
13951
13948
13944
13940
13937
13933
13929
13926
13922
13918
13915
13911
13907
13903
13900
13896
13892
13889
13885
13881
13878
13874
13870
13866
13863
13859
13855
13852
13848
13844
13840
13837
13833
13829
13826
13822
13818
13814
13811
13807
13803
13799
13796
13792
13788
13784
13781
13777
13773
13769
13765
13762
13758
13754
13750
13747
13743
13739
13735
13731
13728
13724
13720
13716
13712
13709
13705
13701
13697
13693
13690
13686
13682
13678
13674
13670
13667
13663
13659
13655
13651
13647
13644
13640
13636
13632
13628
13624
13621
13617
13613
13609
13605
13601
13597
13594
13590
13586
13582
13578
13574
13570
13566
13562
13559
13555
13551
13547
13543
13539
13535
13531
13527
13524
13520
13516
13512
13508
13504
13500
13496
13492
13488
13484
13480
13476
13473
13469
13465
13461
13457
13453
13449
13445
13441
13437
13433
13429
13425
13421
13417
13413
13409
13405
13401
13397
13393
13389
13385
13381
13377
13374
13370
13366
13362
13358
13354
13350
13346
13342
13338
13334
13330
13326
13322
13318
13313
13309
13305
13301
13297
13293
13289
13285
13281
13277
13273
13269
13265
13261
13257
13253
13249
13245
13241
13237
13233
13229
13225
13221
13216
13212
13208
13204
13200
13196
13192
13188
13184
13180
13176
13172
13168
13163
13159
13155
13151
13147
13143
13139
13135
13131
13127
13122
13118
13114
13110
13106
13102
13098
13094
13090
13085
13081
13077
13073
13069
13065
13061
13056
13052
13048
13044
13040
13036
13032
13027
13023
13019
13015
13011
13007
13002
12998
12994
12990
12986
12982
12977
12973
12969
12965
12961
12957
12952
12948
12944
12940
12936
12931
12927
12923
12919
12915
12910
12906
12902
12898
12894
12889
12885
12881
12877
12872
12868
12864
12860
12856
12851
12847
12843
12839
12834
12830
12826
12822
12817
12813
12809
12805
12800
12796
12792
12788
12783
12779
12775
12771
12766
12762
12758
12753
12749
12745
12741
12736
12732
12728
12723
12719
12715
12711
12706
12702
12698
12693
12689
12685
12680
12676
12672
12668
12663
12659
12655
12650
12646
12642
12637
12633
12629
12624
12620
12616
12611
12607
12603
12598
12594
12590
12585
12581
12577
12572
12568
12564
12559
12555
12551
12546
12542
12537
12533
12529
12524
12520
12516
12511
12507
12502
12498
12494
12489
12485
12481
12476
12472
12467
12463
12459
12454
12450
12445
12441
12437
12432
12428
12423
12419
12415
12410
12406
12401
12397
12393
12388
12384
12379
12375
12370
12366
12362
12357
12353
12348
12344
12339
12335
12331
12326
12322
12317
12313
12308
12304
12299
12295
12290
12286
12282
12277
12273
12268
12264
12259
12255
12250
12246
12241
12237
12232
12228
12223
12219
12214
12210
12206
12201
12197
12192
12188
12183
12179
12174
12170
12165
12161
12156
12152
12147
12143
12138
12134
12129
12124
12120
12115
12111
12106
12102
12097
12093
12088
12084
12079
12075
12070
12066
12061
12057
12052
12048
12043
12038
12034
12029
12025
12020
12016
12011
12007
12002
11997
11993
11988
11984
11979
11975
11970
11966
11961
11956
11952
11947
11943
11938
11934
11929
11924
11920
11915
11911
11906
11901
11897
11892
11888
11883
11878
11874
11869
11865
11860
11855
11851
11846
11842
11837
11832
11828
11823
11819
11814
11809
11805
11800
11795
11791
11786
11782
11777
11772
11768
11763
11758
11754
11749
11745
11740
11735
11731
11726
11721
11717
11712
11707
11703
11698
11693
11689
11684
11679
11675
11670
11666
11661
11656
11652
11647
11642
11638
11633
11628
11623
11619
11614
11609
11605
11600
11595
11591
11586
11581
11577
11572
11567
11563
11558
11553
11549
11544
11539
11534
11530
11525
11520
11516
11511
11506
11502
11497
11492
11487
11483
11478
11473
11469
11464
11459
11454
11450
11445
11440
11435
11431
11426
11421
11417
11412
11407
11402
11398
11393
11388
11383
11379
11374
11369
11364
11360
11355
11350
11345
11341
11336
11331
11326
11322
11317
11312
11307
11303
11298
11293
11288
11284
11279
11274
11269
11265
11260
11255
11250
11245
11241
11236
11231
11226
11222
11217
11212
11207
11202
11198
11193
11188
11183
11178
11174
11169
11164
11159
11154
11150
11145
11140
11135
11130
11126
11121
11116
11111
11106
11102
11097
11092
11087
11082
11078
11073
11068
11063
11058
11053
11049
11044
11039
11034
11029
11024
11020
11015
11010
11005
11000
10995
10991
10986
10981
10976
10971
10966
10962
10957
10952
10947
10942
10937
10933
10928
10923
10918
10913
10908
10903
10899
10894
10889
10884
10879
10874
10869
10864
10860
10855
10850
10845
10840
10835
10830
10826
10821
10816
10811
10806
10801
10796
10791
10787
10782
10777
10772
10767
10762
10757
10752
10747
10743
10738
10733
10728
10723
10718
10713
10708
10703
10698
10694
10689
10684
10679
10674
10669
10664
10659
10654
10649
10645
10640
10635
10630
10625
10620
10615
10610
10605
10600
10595
10590
10586
10581
10576
10571
10566
10561
10556
10551
10546
10541
10536
10531
10526
10521
10517
10512
10507
10502
10497
10492
10487
10482
10477
10472
10467
10462
10457
10452
10447
10442
10437
10432
10428
10423
10418
10413
10408
10403
10398
10393
10388
10383
10378
10373
10368
10363
10358
10353
10348
10343
10338
10333
10328
10323
10318
10313
10308
10303
10298
10294
10289
10284
10279
10274
10269
10264
10259
10254
10249
10244
10239
10234
10229
10224
10219
10214
10209
10204
10199
10194
10189
10184
10179
10174
10169
10164
10159
10154
10149
10144
10139
10134
10129
10124
10119
10114
10109
10104
10099
10094
10089
10084
10079
10074
10069
10064
10059
10054
10049
10044
10039
10034
10029
10024
10019
10014
10009
10004
9999
9994
9989
9984
9979
9974
9968
9963
9958
9953
9948
9943
9938
9933
9928
9923
9918
9913
9908
9903
9898
9893
9888
9883
9878
9873
9868
9863
9858
9853
9848
9843
9838
9833
9828
9822
9817
9812
9807
9802
9797
9792
9787
9782
9777
9772
9767
9762
9757
9752
9747
9742
9737
9732
9727
9721
9716
9711
9706
9701
9696
9691
9686
9681
9676
9671
9666
9661
9656
9651
9646
9640
9635
9630
9625
9620
9615
9610
9605
9600
9595
9590
9585
9580
9575
9570
9564
9559
9554
9549
9544
9539
9534
9529
9524
9519
9514
9509
9504
9498
9493
9488
9483
9478
9473
9468
9463
9458
9453
9448
9442
9437
9432
9427
9422
9417
9412
9407
9402
9397
9392
9387
9381
9376
9371
9366
9361
9356
9351
9346
9341
9336
9330
9325
9320
9315
9310
9305
9300
9295
9290
9285
9279
9274
9269
9264
9259
9254
9249
9244
9239
9234
9228
9223
9218
9213
9208
9203
9198
9193
9188
9182
9177
9172
9167
9162
9157
9152
9147
9142
9136
9131
9126
9121
9116
9111
9106
9101
9096
9090
9085
9080
9075
9070
9065
9060
9055
9050
9044
9039
9034
9029
9024
9019
9014
9009
9003
8998
8993
8988
8983
8978
8973
8968
8962
8957
8952
8947
8942
8937
8932
8927
8921
8916
8911
8906
8901
8896
8891
8886
8880
8875
8870
8865
8860
8855
8850
8844
8839
8834
8829
8824
8819
8814
8809
8803
8798
8793
8788
8783
8778
8773
8768
8762
8757
8752
8747
8742
8737
8732
8726
8721
8716
8711
8706
8701
8696
8690
8685
8680
8675
8670
8665
8660
8654
8649
8644
8639
8634
8629
8624
8619
8613
8608
8603
8598
8593
8588
8583
8577
8572
8567
8562
8557
8552
8547
8541
8536
8531
8526
8521
8516
8511
8505
8500
8495
8490
8485
8480
8475
8469
8464
8459
8454
8449
8444
8439
8433
8428
8423
8418
8413
8408
8403
8397
8392
8387
8382
8377
8372
8366
8361
8356
8351
8346
8341
8336
8330
8325
8320
8315
8310
8305
8300
8294
8289
8284
8279
8274
8269
8264
8258
8253
8248
8243
8238
8233
8228
8222
8217
8212
8207
8202
8197