8192
8179
8166
8153
8140
8127
8114
8101
8089
8076
8063
8050
8037
8024
8011
7998
7986
7973
7960
7947
7934
7921
7908
7896
7883
7870
7857
7844
7831
7818
7806
7793
7780
7767
7754
7741
7729
7716
7703
7690
7677
7664
7651
7639
7626
7613
7600
7587
7574
7562
7549
7536
7523
7510
7497
7485
7472
7459
7446
7433
7421
7408
7395
7382
7369
7357
7344
7331
7318
7305
7293
7280
7267
7254
7241
7229
7216
7203
7190
7178
7165
7152
7139
7126
7114
7101
7088
7075
7063
7050
7037
7024
7012
6999
6986
6974
6961
6948
6935
6923
6910
6897
6885
6872
6859
6846
6834
6821
6808
6796
6783
6770
6758
6745
6732
6720
6707
6694
6682
6669
6656
6644
6631
6619
6606
6593
6581
6568
6555
6543
6530
6518
6505
6492
6480
6467
6455
6442
6430
6417
6404
6392
6379
6367
6354
6342
6329
6317
6304
6292
6279
6267
6254
6242
6229
6217
6204
6192
6179
6167
6154
6142
6129
6117
6104
6092
6080
6067
6055
6042
6030
6017
6005
5993
5980
5968
5955
5943
5931
5918
5906
5894
5881
5869
5857
5844
5832
5820
5807
5795
5783
5770
5758
5746
5734
5721
5709
5697
5685
5672
5660
5648
5636
5623
5611
5599
5587
5575
5562
5550
5538
5526
5514
5501
5489
5477
5465
5453
5441
5429
5417
5404
5392
5380
5368
5356
5344
5332
5320
5308
5296
5284
5272
5260
5248
5236
5224
5212
5200
5188
5176
5164
5152
5140
5128
5116
5104
5092
5080
5068
5057
5045
5033
5021
5009
4997
4985
4974
4962
4950
4938
4926
4914
4903
4891
4879
4867
4856
4844
4832
4820
4809
4797
4785
4774
4762
4750
4738
4727
4715
4704
4692
4680
4669
4657
4645
4634
4622
4611
4599
4588
4576
4564
4553
4541
4530
4518
4507
4495
4484
4472
4461
4449
4438
4427
4415
4404
4392
4381
4370
4358
4347
4335
4324
4313
4301
4290
4279
4268
4256
4245
4234
4222
4211
4200
4189
4177
4166
4155
4144
4133
4122
4110
4099
4088
4077
4066
4055
4044
4033
4021
4010
3999
3988
3977
3966
3955
3944
3933
3922
3911
3900
3889
3878
3867
3856
3846
3835
3824
3813
3802
3791
3780
3769
3759
3748
3737
3726
3715
3705
3694
3683
3672
3662
3651
3640
3630
3619
3608
3598
3587
3576
3566
3555
3544
3534
3523
3513
3502
3492
3481
3471
3460
3450
3439
3429
3418
3408
3397
3387
3376
3366
3356
3345
3335
3324
3314
3304
3293
3283
3273
3263
3252
3242
3232
3222
3211
3201
3191
3181
3171
3160
3150
3140
3130
3120
3110
3100
3090
3080
3070
3059
3049
3039
3029
3019
3009
3000
2990
2980
2970
2960
2950
2940
2930
2920
2910
2901
2891
2881
2871
2861
2852
2842
2832
2822
2813
2803
2793
2784
2774
2764
2755
2745
2736
2726
2716
2707
2697
2688
2678
2669
2659
2650
2640
2631
2621
2612
2602
2593
2584
2574
2565
2556
2546
2537
2528
2518
2509
2500
2491
2481
2472
2463
2454
2445
2435
2426
2417
2408
2399
2390
2381
2372
2363
2354
2345
2336
2327
2318
2309
2300
2291
2282
2273
2264
2255
2246
2237
2229
2220
2211
2202
2193
2185
2176
2167
2158
2150
2141
2132
2124
2115
2107
2098
2089
2081
2072
2064
2055
2047
2038
2030
2021
2013
2004
1996
1987
1979
1971
1962
1954
1946
1937
1929
1921
1912
1904
1896
1888
1879
1871
1863
1855
1847
1839
1831
1822
1814
1806
1798
1790
1782
1774
1766
1758
1750
1742
1734
1726
1719
1711
1703
1695
1687
1679
1672
1664
1656
1648
1640
1633
1625
1617
1610
1602
1594
1587
1579
1572
1564
1556
1549
1541
1534
1526
1519
1511
1504
1497
1489
1482
1474
1467
1460
1452
1445
1438
1431
1423
1416
1409
1402
1394
1387
1380
1373
1366
1359
1352
1345
1338
1330
1323
1316
1309
1302
1296
1289
1282
1275
1268
1261
1254
1247
1241
1234
1227
1220
1213
1207
1200
1193
1187
1180
1173
1167
1160
1153
1147
1140
1134
1127
1121
1114
1108
1101
1095
1088
1082
1076
1069
1063
1057
1050
1044
1038
1031
1025
1019
1013
1007
1000
994
988
982
976
970
964
958
952
946
940
934
928
922
916
910
904
898
892
887
881
875
869
863
858
852
846
841
835
829
824
818
812
807
801
796
790
785
779
774
768
763
757
752
747
741
736
731
725
720
715
709
704
699
694
689
684
678
673
668
663
658
653
648
643
638
633
628
623
618
613
608
604
599
594
589
584
580
575
570
565
561
556
551
547
542
537
533
528
524
519
515
510
506
501
497
493
488
484
479
475
471
467
462
458
454
450
445
441
437
433
429
425
421
417
412
408
404
400
396
393
389
385
381
377
373
369
365
362
358
354
350
347
343
339
336
332
328
325
321
318
314
311
307
304
300
297
293
290
286
283
280
276
273
270
267
263
260
257
254
251
247
244
241
238
235
232
229
226
223
220
217
214
211
208
205
202
200
197
194
191
188
186
183
180
178
175
172
170
167
165
162
159
157
154
152
149
147
145
142
140
137
135
133
130
128
126
124
121
119
117
115
113
111
109
106
104
102
100
98
96
94
92
91
89
87
85
83
81
79
78
76
74
72
71
69
67
66
64
62
61
59
58
56
55
53
52
50
49
48
46
45
43
42
41
40
38
37
36
35
33
32
31
30
29
28
27
26
25
24
23
22
21
20
19
18
17
16
16
15
14
13
13
12
11
11
10
9
9
8
7
7
6
6
5
5
4
4
4
3
3
2
2
2
1
1
1
1
1
0
0
0
0
0
0
0
0
0
0
0
0
0
0
0
0
0
0
0
1
1
1
1
1
2
2
2
3
3
4
4
4
5
5
6
6
7
7
8
9
9
10
11
11
12
13
13
14
15
16
16
17
18
19
20
21
22
23
24
25
26
27
28
29
30
31
32
33
35
36
37
38
40
41
42
43
45
46
48
49
50
52
53
55
56
58
59
61
62
64
66
67
69
71
72
74
76
78
79
81
83
85
87
89
91
92
94
96
98
100
102
104
106
109
111
113
115
117
119
121
124
126
128
130
133
135
137
140
142
145
147
149
152
154
157
159
162
165
167
170
172
175
178
180
183
186
188
191
194
197
200
202
205
208
211
214
217
220
223
226
229
232
235
238
241
244
247
251
254
257
260
263
267
270
273
276
280
283
286
290
293
297
300
304
307
311
314
318
321
325
328
332
336
339
343
347
350
354
358
362
365
369
373
377
381
385
389
393
396
400
404
408
412
417
421
425
429
433
437
441
445
450
454
458
462
467
471
475
479
484
488
493
497
501
506
510
515
519
524
528
533
537
542
547
551
556
561
565
570
575
580
584
589
594
599
604
608
613
618
623
628
633
638
643
648
653
658
663
668
673
678
684
689
694
699
704
709
715
720
725
731
736
741
747
752
757
763
768
774
779
785
790
796
801
807
812
818
824
829
835
841
846
852
858
863
869
875
881
887
892
898
904
910
916
922
928
934
940
946
952
958
964
970
976
982
988
994
1000
1007
1013
1019
1025
1031
1038
1044
1050
1057
1063
1069
1076
1082
1088
1095
1101
1108
1114
1121
1127
1134
1140
1147
1153
1160
1167
1173
1180
1187
1193
1200
1207
1213
1220
1227
1234
1241
1247
1254
1261
1268
1275
1282
1289
1296
1302
1309
1316
1323
1330
1338
1345
1352
1359
1366
1373
1380
1387
1394
1402
1409
1416
1423
1431
1438
1445
1452
1460
1467
1474
1482
1489
1497
1504
1511
1519
1526
1534
1541
1549
1556
1564
1572
1579
1587
1594
1602
1610
1617
1625
1633
1640
1648
1656
1664
1672
1679
1687
1695
1703
1711
1719
1726
1734
1742
1750
1758
1766
1774
1782
1790
1798
1806
1814
1822
1831
1839
1847
1855
1863
1871
1879
1888
1896
1904
1912
1921
1929
1937
1946
1954
1962
1971
1979
1987
1996
2004
2013
2021
2030
2038
2047
2055
2064
2072
2081
2089
2098
2107
2115
2124
2132
2141
2150
2158
2167
2176
2185
2193
2202
2211
2220
2229
2237
2246
2255
2264
2273
2282
2291
2300
2309
2318
2327
2336
2345
2354
2363
2372
2381
2390
2399
2408
2417
2426
2435
2445
2454
2463
2472
2481
2491
2500
2509
2518
2528
2537
2546
2556
2565
2574
2584
2593
2602
2612
2621
2631
2640
2650
2659
2669
2678
2688
2697
2707
2716
2726
2736
2745
2755
2764
2774
2784
2793
2803
2813
2822
2832
2842
2852
2861
2871
2881
2891
2901
2910
2920
2930
2940
2950
2960
2970
2980
2990
3000
3009
3019
3029
3039
3049
3059
3070
3080
3090
3100
3110
3120
3130
3140
3150
3160
3171
3181
3191
3201
3211
3222
3232
3242
3252
3263
3273
3283
3293
3304
3314
3324
3335
3345
3356
3366
3376
3387
3397
3408
3418
3429
3439
3450
3460
3471
3481
3492
3502
3513
3523
3534
3544
3555
3566
3576
3587
3598
3608
3619
3630
3640
3651
3662
3672
3683
3694
3705
3715
3726
3737
3748
3759
3769
3780
3791
3802
3813
3824
3835
3846
3856
3867
3878
3889
3900
3911
3922
3933
3944
3955
3966
3977
3988
3999
4010
4021
4033
4044
4055
4066
4077
4088
4099
4110
4122
4133
4144
4155
4166
4177
4189
4200
4211
4222
4234
4245
4256
4268
4279
4290
4301
4313
4324
4335
4347
4358
4370
4381
4392
4404
4415
4427
4438
4449
4461
4472
4484
4495
4507
4518
4530
4541
4553
4564
4576
4588
4599
4611
4622
4634
4645
4657
4669
4680
4692
4704
4715
4727
4738
4750
4762
4774
4785
4797
4809
4820
4832
4844
4856
4867
4879
4891
4903
4914
4926
4938
4950
4962
4974
4985
4997
5009
5021
5033
5045
5057
5068
5080
5092
5104
5116
5128
5140
5152
5164
5176
5188
5200
5212
5224
5236
5248
5260
5272
5284
5296
5308
5320
5332
5344
5356
5368
5380
5392
5404
5417
5429
5441
5453
5465
5477
5489
5501
5514
5526
5538
5550
5562
5575
5587
5599
5611
5623
5636
5648
5660
5672
5685
5697
5709
5721
5734
5746
5758
5770
5783
5795
5807
5820
5832
5844
5857
5869
5881
5894
5906
5918
5931
5943
5955
5968
5980
5993
6005
6017
6030
6042
6055
6067
6080
6092
6104
6117
6129
6142
6154
6167
6179
6192
6204
6217
6229
6242
6254
6267
6279
6292
6304
6317
6329
6342
6354
6367
6379
6392
6404
6417
6430
6442
6455
6467
6480
6492
6505
6518
6530
6543
6555
6568
6581
6593
6606
6619
6631
6644
6656
6669
6682
6694
6707
6720
6732
6745
6758
6770
6783
6796
6808
6821
6834
6846
6859
6872
6885
6897
6910
6923
6935
6948
6961
6974
6986
6999
7012
7025
7037
7050
7063
7075
7088
7101
7114
7126
7139
7152
7165
7178
7190
7203
7216
7229
7241
7254
7267
7280
7293
7305
7318
7331
7344
7357
7369
7382
7395
7408
7421
7433
7446
7459
7472
7485
7497
7510
7523
7536
7549
7562
7574
7587
7600
7613
7626
7639
7651
7664
7677
7690
7703
7716
7729
7741
7754
7767
7780
7793
7806
7818
7831
7844
7857
7870
7883
7896
7908
7921
7934
7947
7960
7973
7986
7998
8011
8024
8037
8050
8063
8076
8089
8101
8114
8127
8140
8153
8166
8179
8192
8204
8217
8230
8243
8256
8269
8282
8294
8307
8320
8333
8346
8359
8372
8385
8397
8410
8423
8436
8449
8462
8475
8487
8500
8513
8526
8539
8552
8565
8577
8590
8603
8616
8629
8642
8654
8667
8680
8693
8706
8719
8732
8744
8757
8770
8783
8796
8809
8821
8834
8847
8860
8873
8886
8898
8911
8924
8937
8950
8962
8975
8988
9001
9014
9026
9039
9052
9065
9078
9090
9103
9116
9129
9142
9154
9167
9180
9193
9205
9218
9231
9244
9257
9269
9282
9295
9308
9320
9333
9346
9359
9371
9384
9397
9409
9422
9435
9448
9460
9473
9486
9498
9511
9524
9537
9549
9562
9575
9587
9600
9613
9625
9638
9651
9663
9676
9689
9701
9714
9727
9739
9752
9764
9777
9790
9802
9815
9828
9840
9853
9865
9878
9891
9903
9916
9928
9941
9953
9966
9979
9991
10004
10016
10029
10041
10054
10066
10079
10091
10104
10116
10129
10141
10154
10166
10179
10191
10204
10216
10229
10241
10254
10266
10279
10291
10303
10316
10328
10341
10353
10366
10378
10390
10403
10415
10428
10440
10452
10465
10477
10489
10502
10514
10526
10539
10551
10563
10576
10588
10600
10613
10625
10637
10649
10662
10674
10686
10698
10711
10723
10735
10747
10760
10772
10784
10796
10808
10821
10833
10845
10857
10869
10882
10894
10906
10918
10930
10942
10954
10966
10979
10991
11003
11015
11027
11039
11051
11063
11075
11087
11099
11111
11123
11135
11147
11159
11171
11183
11195
11207
11219
11231
11243
11255
11267
11279
11291
11303
11315
11326
11338
11350
11362
11374
11386
11398
11409
11421
11433
11445
11457
11469
11480
11492
11504
11516
11527
11539
11551
11563
11574
11586
11598
11609
11621
11633
11645
11656
11668
11679
11691
11703
11714
11726
11738
11749
11761
11772
11784
11795
11807
11819
11830
11842
11853
11865
11876
11888
11899
11911
11922
11934
11945
11956
11968
11979
11991
12002
12013
12025
12036
12048
12059
12070
12082
12093
12104
12115
12127
12138
12149
12161
12172
12183
12194
12206
12217
12228
12239
12250
12261
12273
12284
12295
12306
12317
12328
12339
12350
12362
12373
12384
12395
12406
12417
12428
12439
12450
12461
12472
12483
12494
12505
12516
12527
12537
12548
12559
12570
12581
12592
12603
12614
12624
12635
12646
12657
12668
12678
12689
12700
12711
12721
12732
12743
12753
12764
12775
12785
12796
12807
12817
12828
12839
12849
12860
12870
12881
12891
12902
12912
12923
12933
12944
12954
12965
12975
12986
12996
13007
13017
13027
13038
13048
13059
13069
13079
13090
13100
13110
13120
13131
13141
13151
13161
13172
13182
13192
13202
13212
13223
13233
13243
13253
13263
13273
13283
13293
13303
13313
13324
13334
13344
13354
13364
13374
13383
13393
13403
13413
13423
13433
13443
13453
13463
13473
13482
13492
13502
13512
13522
13531
13541
13551
13561
13570
13580
13590
13599
13609
13619
13628
13638
13647
13657
13667
13676
13686
13695
13705
13714
13724
13733
13743
13752
13762
13771
13781
13790
13799
13809
13818
13827
13837
13846
13855
13865
13874
13883
13892
13902
13911
13920
13929
13938
13948
13957
13966
13975
13984
13993
14002
14011
14020
14029
14038
14047
14056
14065
14074
14083
14092
14101
14110
14119
14128
14137
14146
14154
14163
14172
14181
14190
14198
14207
14216
14225
14233
14242
14251
14259
14268
14276
14285
14294
14302
14311
14319
14328
14336
14345
14353
14362
14370
14379
14387
14396
14404
14412
14421
14429
14437
14446
14454
14462
14471
14479
14487
14495
14504
14512
14520
14528
14536
14544
14552
14561
14569
14577
14585
14593
14601
14609
14617
14625
14633
14641
14649
14657
14664
14672
14680
14688
14696
14704
14711
14719
14727
14735
14743
14750
14758
14766
14773
14781
14789
14796
14804
14811
14819
14827
14834
14842
14849
14857
14864
14872
14879
14886
14894
14901
14909
14916
14923
14931
14938
14945
14952
14960
14967
14974
14981
14989
14996
15003
15010
15017
15024
15031
15038
15045
15053
15060
15067
15074
15081
15087
15094
15101
15108
15115
15122
15129
15136
15142
15149
15156
15163
15170
15176
15183
15190
15196
15203
15210
15216
15223
15230
15236
15243
15249
15256
15262
15269
15275
15282
15288
15295
15301
15307
15314
15320
15326
15333
15339
15345
15352
15358
15364
15370
15376
15383
15389
15395
15401
15407
15413
15419
15425
15431
15437
15443
15449
15455
15461
15467
15473
15479
15485
15491
15496
15502
15508
15514
15520
15525
15531
15537
15542
15548
15554
15559
15565
15571
15576
15582
15587
15593
15598
15604
15609
15615
15620
15626
15631
15636
15642
15647
15652
15658
15663
15668
15674
15679
15684
15689
15694
15699
15705
15710
15715
15720
15725
15730
15735
15740
15745
15750
15755
15760
15765
15770
15775
15779
15784
15789
15794
15799
15803
15808
15813
15818
15822
15827
15832
15836
15841
15846
15850
15855
15859
15864
15868
15873
15877
15882
15886
15890
15895
15899
15904
15908
15912
15916
15921
15925
15929
15933
15938
15942
15946
15950
15954
15958
15962
15966
15971
15975
15979
15983
15987
15990
15994
15998
16002
16006
16010
16014
16018
16021
16025
16029
16033
16036
16040
16044
16047
16051
16055
16058
16062
16065
16069
16072
16076
16079
16083
16086
16090
16093
16097
16100
16103
16107
16110
16113
16116
16120
16123
16126
16129
16132
16136
16139
16142
16145
16148
16151
16154
16157
16160
16163
16166
16169
16172
16175
16178
16181
16183
16186
16189
16192
16195
16197
16200
16203
16205
16208
16211
16213
16216
16218
16221
16224
16226
16229
16231
16234
16236
16238
16241
16243
16246
16248
16250
16253
16255
16257
16259
16262
16264
16266
16268
16270
16272
16274
16277
16279
16281
16283
16285
16287
16289
16291
16292
16294
16296
16298
16300
16302
16304
16305
16307
16309
16311
16312
16314
16316
16317
16319
16321
16322
16324
16325
16327
16328
16330
16331
16333
16334
16335
16337
16338
16340
16341
16342
16343
16345
16346
16347
16348
16350
16351
16352
16353
16354
16355
16356
16357
16358
16359
16360
16361
16362
16363
16364
16365
16366
16367
16367
16368
16369
16370
16370
16371
16372
16372
16373
16374
16374
16375
16376
16376
16377
16377
16378
16378
16379
16379
16379
16380
16380
16381
16381
16381
16382
16382
16382
16382
16382
16383
16383
16383
16383
16383
16383
16383
16383
16383
16383
16383
16383
16383
16383
16383
16383
16383
16383
16383
16382
16382
16382
16382
16382
16381
16381
16381
16380
16380
16379
16379
16379
16378
16378
16377
16377
16376
16376
16375
16374
16374
16373
16372
16372
16371
16370
16370
16369
16368
16367
16367
16366
16365
16364
16363
16362
16361
16360
16359
16358
16357
16356
16355
16354
16353
16352
16351
16350
16348
16347
16346
16345
16343
16342
16341
16340
16338
16337
16335
16334
16333
16331
16330
16328
16327
16325
16324
16322
16321
16319
16317
16316
16314
16312
16311
16309
16307
16305
16304
16302
16300
16298
16296
16294
16292
16291
16289
16287
16285
16283
16281
16279
16277
16274
16272
16270
16268
16266
16264
16262
16259
16257
16255
16253
16250
16248
16246
16243
16241
16238
16236
16234
16231
16229
16226
16224
16221
16218
16216
16213
16211
16208
16205
16203
16200
16197
16195
16192
16189
16186
16183
16181
16178
16175
16172
16169
16166
16163
16160
16157
16154
16151
16148
16145
16142
16139
16136
16132
16129
16126
16123
16120
16116
16113
16110
16107
16103
16100
16097
16093
16090
16086
16083
16079
16076
16072
16069
16065
16062
16058
16055
16051
16047
16044
16040
16036
16033
16029
16025
16021
16018
16014
16010
16006
16002
15998
15994
15990
15987
15983
15979
15975
15971
15966
15962
15958
15954
15950
15946
15942
15938
15933
15929
15925
15921
15916
15912
15908
15904
15899
15895
15890
15886
15882
15877
15873
15868
15864
15859
15855
15850
15846
15841
15836
15832
15827
15822
15818
15813
15808
15803
15799
15794
15789
15784
15779
15775
15770
15765
15760
15755
15750
15745
15740
15735
15730
15725
15720
15715
15710
15705
15699
15694
15689
15684
15679
15674
15668
15663
15658
15652
15647
15642
15636
15631
15626
15620
15615
15609
15604
15598
15593
15587
15582
15576
15571
15565
15559
15554
15548
15542
15537
15531
15525
15520
15514
15508
15502
15496
15491
15485
15479
15473
15467
15461
15455
15449
15443
15437
15431
15425
15419
15413
15407
15401
15395
15389
15383
15376
15370
15364
15358
15352
15345
15339
15333
15326
15320
15314
15307
15301
15295
15288
15282
15275
15269
15262
15256
15249
15243
15236
15230
15223
15216
15210
15203
15196
15190
15183
15176
15170
15163
15156
15149
15142
15136
15129
15122
15115
15108
15101
15094
15087
15081
15074
15067
15060
15053
15045
15038
15031
15024
15017
15010
15003
14996
14989
14981
14974
14967
14960
14952
14945
14938
14931
14923
14916
14909
14901
14894
14886
14879
14872
14864
14857
14849
14842
14834
14827
14819
14811
14804
14796
14789
14781
14773
14766
14758
14750
14743
14735
14727
14719
14711
14704
14696
14688
14680
14672
14664
14657
14649
14641
14633
14625
14617
14609
14601
14593
14585
14577
14569
14561
14552
14544
14536
14528
14520
14512
14504
14495
14487
14479
14471
14462
14454
14446
14437
14429
14421
14412
14404
14396
14387
14379
14370
14362
14353
14345
14336
14328
14319
14311
14302
14294
14285
14276
14268
14259
14251
14242
14233
14225
14216
14207
14198
14190
14181
14172
14163
14154
14146
14137
14128
14119
14110
14101
14092
14083
14074
14065
14056
14047
14038
14029
14020
14011
14002
13993
13984
13975
13966
13957
13948
13938
13929
13920
13911
13902
13892
13883
13874
13865
13855
13846
13837
13827
13818
13809
13799
13790
13781
13771
13762
13752
13743
13733
13724
13714
13705
13695
13686
13676
13667
13657
13647
13638
13628
13619
13609
13599
13590
13580
13570
13561
13551
13541
13531
13522
13512
13502
13492
13482
13473
13463
13453
13443
13433
13423
13413
13403
13393
13383
13374
13364
13354
13344
13334
13324
13313
13303
13293
13283
13273
13263
13253
13243
13233
13223
13212
13202
13192
13182
13172
13161
13151
13141
13131
13120
13110
13100
13090
13079
13069
13059
13048
13038
13027
13017
13007
12996
12986
12975
12965
12954
12944
12933
12923
12912
12902
12891
12881
12870
12860
12849
12839
12828
12817
12807
12796
12785
12775
12764
12753
12743
12732
12721
12711
12700
12689
12678
12668
12657
12646
12635
12624
12614
12603
12592
12581
12570
12559
12548
12537
12527
12516
12505
12494
12483
12472
12461
12450
12439
12428
12417
12406
12395
12384
12373
12362
12350
12339
12328
12317
12306
12295
12284
12273
12261
12250
12239
12228
12217
12206
12194
12183
12172
12161
12149
12138
12127
12115
12104
12093
12082
12070
12059
12048
12036
12025
12013
12002
11991
11979
11968
11956
11945
11934
11922
11911
11899
11888
11876
11865
11853
11842
11830
11819
11807
11795
11784
11772
11761
11749
11738
11726
11714
11703
11691
11679
11668
11656
11645
11633
11621
11609
11598
11586
11574
11563
11551
11539
11527
11516
11504
11492
11480
11469
11457
11445
11433
11421
11409
11398
11386
11374
11362
11350
11338
11326
11315
11303
11291
11279
11267
11255
11243
11231
11219
11207
11195
11183
11171
11159
11147
11135
11123
11111
11099
11087
11075
11063
11051
11039
11027
11015
11003
10991
10979
10966
10954
10942
10930
10918
10906
10894
10882
10869
10857
10845
10833
10821
10808
10796
10784
10772
10760
10747
10735
10723
10711
10698
10686
10674
10662
10649
10637
10625
10613
10600
10588
10576
10563
10551
10539
10526
10514
10502
10489
10477
10465
10452
10440
10428
10415
10403
10390
10378
10366
10353
10341
10328
10316
10303
10291
10279
10266
10254
10241
10229
10216
10204
10191
10179
10166
10154
10141
10129
10116
10104
10091
10079
10066
10054
10041
10029
10016
10004
9991
9979
9966
9953
9941
9928
9916
9903
9891
9878
9865
9853
9840
9828
9815
9802
9790
9777
9764
9752
9739
9727
9714
9701
9689
9676
9663
9651
9638
9625
9613
9600
9587
9575
9562
9549
9537
9524
9511
9498
9486
9473
9460
9448
9435
9422
9409
9397
9384
9371
9358
9346
9333
9320
9308
9295
9282
9269
9257
9244
9231
9218
9205
9193
9180
9167
9154
9142
9129
9116
9103
9090
9078
9065
9052
9039
9026
9014
9001
8988
8975
8962
8950
8937
8924
8911
8898
8886
8873
8860
8847
8834
8821
8809
8796
8783
8770
8757
8744
8732
8719
8706
8693
8680
8667
8654
8642
8629
8616
8603
8590
8577
8565
8552
8539
8526
8513
8500
8487
8475
8462
8449
8436
8423
8410
8397
8385
8372
8359
8346
8333
8320
8307
8294
8282
8269
8256
8243
8230
8217
8204